background(255);
size(700, 400);
stroke(0,0,0);
strokeWeight(10);
rect(290,255,100,40);
strokeWeight(7);
line(300,250,320,100);
line(380,250,360,100);
ellipse(340,90,80,10);
strokeWeight(8);
line(300,90,300,40);
line(300,40,310,40);
line(310,40,310,50);
line(310,50,320,50);
line(320,50,320,40);
line(320,40,330,40);
line(330,40,330,50);
line(330,50,340,50);
line(345,50,345,40);
line(345,40,360,40);
line(360,40,360,50);
line(360,50,370,50);
line(370,50,370,40);
line(370,40,380,40);
line(380,40,380,90);
